300
297
86
27
97
282
41
128
196
104
8
273
153
241
152
256
10
112
174
195
19
202
77
132
164
56
238
61
46
148
161
170
83
177
142
194
60
281
284
243
211
292
187
136
150
242
54
2
30
59
122
22
20
222
109
144
90
219
126
180
64
93
39
278
17
299
76
162
175
294
267
50
217
37
42
29
206
207
63
260
291
224
252
127
47
91
6
218
209
15
115
131
51
1
185
107
268
96
296
85
135
3
167
168
201
193
58
120
32
264
226
147
189
251
70
129
33
232
166
137
172
190
231
229
119
255
81
157
151
36
236
40
182
116
181
141
274
208
285
43
103
287
133
188
111
254
197
123
286
158
184
246
275
98
203
48
35
13
94
205
186
237
149
34
283
7
279
223
99
253
143
295
71
261
9
245
14
145
73
118
160
215
4
191
176
105
57
66
79
102
113
139
44
75
18
100
248
67
259
11
23
146
101
121
95
276
24
289
74
165
200
240
280
38
257
214
154
227
263
244
277
179
25
270
210
130
80
21
235
117
300
26
220
271
247
199
28
234
140
78
69
5
87
114
68
173
62
89
265
31
156
72
225
269
221
110
49
159
212
134
108
163
228
178
298
250
82
84
106
213
262
198
12
272
266
124
230
138
293
233
155
169
192
52
55
258
204
183
249
290
53
45
239
65
16
216
125
288
92
88
171